15185		
15185		
15184		
15140		
15139		
15094		
15077		
15032		
14989		
14947		
14903		
14857		
14810		
14767		
14722		
14677		
14633		
14591		
14544		
14499		
14454		
14408		
14365		
14319		
14272		
14228		
14206		
14160		
14118		
14074		
14028		
13982		
13939		
13894		
13848		
13802		
13759		
13713		
13668		
13623		
13579		
13533		
13490		
13444		
13400		
13355		
13311		
13265		
13220		
13178		
13136		
13088		
13046		
13000		
12954		
12908		
12864		
12818		
12772		
12726		
12680		
12634		
12588		
12542		
12496		
12450		
12404		
12358		
12312		
12265		
12218		
12172		
12126		
12085		
12040		
11994		
11948		
11902		
11855		
11808		
11765		
11718		
11672		
11629		
11582		
11539		
11492		
11447		
11400		
11353		
11307		
11263		
11217		
11175		
11128		
11083		
11036		
10990		
10947		
10902		
10861		
10815		
10770		
10723		
10678		
10634		
10592		
10546		
10500		
10457		
10410		
10364		
10320		
10276		
10230		
10184		
10139		
10093		
10050		
10003		
9958		
9912		
9866		
9820		
9774		
9728		
9685		
9641		
9595		
9549		
9503		
9457		
9413		
9368		
9322		
9279		
9233		
9187		
9140		
9103		
9057		
9016		
8994		
8947		
8900		
8855		
8809		
8764		
8718		
8674		
8628		
8582		
8536		
8491		
8445		
8399		
8352		
8307		
8261		
8219		
8173		
8129		
8082		
8040		
7994		
7947		
7905		
7859		
7816		
7770		
7725		
7682		
7636		
7590		
7547		
7501		
7455		
7408		
7362		
7315		
7273		
7225		
7180		
7133		
7087		
7042		
6997		
6951		
6908		
6864		
6843		
6798		
6752		
6708		
6661		
6618		
6573		
6531		
6486		
6439		
6396		
6349		
6305		
6259		
6212		
6168		
6122		
6077		
6030		
5985		
5939		
5894		
5848		
5802		
5757		
5710		
5664		
5618		
5573		
5527		
5481		
5435		
5390		
5344		
5299		
5253		
5209		
5167		
5125		
5081		
5035		
4991		
4945		
4897		
4852		
4806		
4762		
4716		
4671		
4628		
4583		
4538		
4496		
4450		
4405		
4359		
4315		
4273		
4232		
4187		
4146		
4105		
4061		
4015		
3970		
3924		
3877		
3830		
3783		
3746		
3699		
3655		
3608		
3564		
3517		
3471		
3427		
3381		
3336		
3289		
3243		
3200		
3156		
3110		
3067		
3023		
2977		
2930		
2888		
2843		
2797		
2751		
2705		
2659		
2612		
2566		
2520		
2479		
2434		
2388		
2343		
2302		
2260		
2214		
2168		
2122		
2077		
2030		
1987		
1943		
1897		
1851		
1808		
1765		
1721		
1677		
1633		
1587		
1540		
1494		
1448		
1402		
1356		
1313		
1275		
1229		
1184		
1138		
1092		
1046		
1003		
964		
917		
872		
826		
782		
738		
691		
644		
599		
552		
507		
462		
416		
369		
323		
277		
233		
187		
141		
94		
48		
4		
0