.\Sonic Star 1101-01H Frac and Perf Designs 2500# 120 BPM 12 Clusters.xlsx

 49 -Stage Perf Design 
 Sonic Star 1101-01H Frac and Perf Designs 2500# 120 BPM 12 Clusters.xlsx
16689 16674 16658 16642 16626 16611 16595 16579 16563 16547 16531 16516 16500 
16485 16470 16454 16438 16422 16406 16390 16375 16359 16343 16327 16311 16295 
16280 16265 16249 16234 16218 16202 16186 16170 16154 16139 16123 16107 16091 
16076 16061 16045 16029 16013 15998 15982 15966 15950 15934 15918 15902 15887 
15872 15857 15841 15825 15809 15793 15777 15762 15746 15730 15714 15698 15682 
15667 15652 15636 15621 15605 15589 15573 15557 15541 15525 15510 15494 15478 
15463 15448 15432 15416 15400 15385 15369 15353 15337 15321 15305 15289 15274 
15259 15244 15228 15212 15196 15180 15164 15148 15133 15117 15101 15085 15069 
15054 15039 15023 15008 14992 14976 14960 14944 14928 14912 14897 14881 14865 
14850 14835 14819 14803 14787 14771 14756 14740 14724 14708 14692 14676 14661 
14646 14631 14615 14599 14583 14567 14551 14535 14520 14504 14488 14472 14456 
14441 14426 14410 14394 14379 14363 14347 14331 14315 14299 14284 14268 14252 
14237 14222 14206 14190 14174 14158 14143 14127 14111 14095 14079 14063 14047 
14032 14017 14002 13986 13970 13954 13938 13922 13907 13891 13875 13859 13843 
13828 13813 13797 13781 13766 13750 13734 13718 13702 13686 13670 13655 13639 
13624 13609 13593 13577 13561 13545 13530 13514 13498 13482 13466 13450 13434 
13419 13404 13389 13373 13357 13341 13325 13309 13294 13278 13262 13246 13230 
13215 13200 13184 13168 13153 13137 13121 13105 13089 13073 13057 13042 13026 
13011 12996 12980 12964 12948 12932 12917 12901 12885 12869 12853 12837 12821 
12806 12791 12776 12760 12744 12728 12712 12696 12680 12665 12649 12633 12617 
12602 12587 12571 12555 12540 12524 12508 12492 12476 12460 12444 12429 12413 
12398 12383 12367 12351 12335 12319 12303 12288 12272 12256 12240 12224 12208 
12193 12178 12163 12147 12131 12115 12099 12083 12067 12052 12036 12020 12004 
11989 11974 11958 11942 11926 11911 11895 11879 11863 11847 11831 11816 11800 
11785 11770 11754 11738 11722 11706 11690 11675 11659 11643 11627 11611 11595 
11580 11565 11549 11534 11518 11502 11486 11470 11454 11439 11423 11407 11391 
11376 11361 11345 11329 11313 11298 11282 11266 11250 11234 11218 11202 11187 
11172 11157 11141 11125 11109 11093 11077 11062 11046 11030 11014 10998 10982 
10967 10952 10936 10921 10905 10889 10873 10857 10841 10825 10810 10794 10778 
10763 10748 10732 10716 10700 10685 10669 10653 10637 10621 10605 10589 10574 
10559 10544 10528 10512 10496 10480 10464 10448 10433 10417 10401 10385 10369 
10354 10339 10323 10308 10292 10276 10260 10244 10228 10212 10197 10181 10165 
10150 10135 10119 10103 10087 10071 10056 10040 10024 10008 9992 9976 9961 
9946 9931 9915 9899 9883 9867 9851 9835 9820 9804 9788 9772 9756 
9741 9726 9710 9695 9679 9663 9647 9631 9615 9599 9584 9568 9552 
9537 9522 9506 9490 9474 9458 9443 9427 9411 9395 9379 9363 9348 
9333 9318 9302 9286 9270 9254 9238 9222 9207 9191 9175 9159 9143 
9128 9113 9097 9081 9066 9050 9034 9018 9002 8986 8971 8955 8939 
8924 8909 8893 8877 8861 8845 8830 8814 8798 8782 8766 8750 8734 
8719 8704 8689 8673 8657 8641 8625 8609 8594 8578 8562 8546 8530 
8515 8500 8484 8468 8453 8437 8421 8405 8389 8373 8357 8342 8326 
8311 8296 8280 8264 8248 8232 8217 8201 8185 8169 8153 8137 8121 
8106 8091 8076 8060 8044 8028 8012 7996 7980 7965 7949 7933 7917 
7902 7887 7871 7855 7840 7824 7808 7792 7776 7760 7744 7729 7713 
7698 7683 7667 7651 7635 7619 7603 7588 7572 7556 7540 7524 7508 
7493 7478 7463 7447 7431 7415 7399 7383 7367 7352 7336 7320 7304 
7289 7274 7258 7242 7226 7211 7195 7179 7163 7147 7131 7116 7100 
7085 7070 7054 7038 7022 7006 6990 6975 6959 6943 6927 6911 6895 
6880 6865 6848 6831 6814 6796 6779 6762 6745 6728 6710 6693 6676 

 Verdad_Resources_Sonic_Star_1101-01H_Csg-Cmt_852021_9242021_tmp.xlsx Casing Tally 

16817 16815 16771 16770 16726 16710 16666 16623 16578 16534 16490 16446 16401 
16357 16312 16268 16224 16180 16135 16091 16047 16004 15960 15915 15871 15828 
15805 15761 15716 15672 15628 15583 15539 15495 15450 15406 15361 15317 15272 
15228 15183 15140 15096 15051 15007 14962 14918 14874 14829 14785 14740 14695 
14650 14607 14563 14519 14474 14430 14385 14341 14296 14252 14208 14164 14120 
14075 14031 14008 13964 13919 13875 13831 13786 13742 13698 13654 13609 13565 
13520 13475 13430 13385 13342 13297 13252 13208 13163 13119 13075 13031 12986 
12943 12899 12855 12810 12765 12723 12678 12635 12590 12545 12501 12456 12412 
12367 12322 12278 12233 12189 12145 12100 12056 12011 11967 11922 11877 11833 
11789 11744 11701 11657 11612 11567 11523 11479 11435 11390 11346 11301 11257 
11213 11169 11124 11080 11036 10991 10947 10902 10858 10813 10769 10725 10680 
10636 10592 10547 10503 10458 10413 10369 10324 10280 10236 10192 10149 10105 
10060 10015 9971 9926 9881 9837 9792 9749 9704 9659 9615 9572 9528 
9484 9440 9396 9353 9309 9307 9262 9218 9173 9129 9084 9040 9017 
8973 8930 8885 8841 8797 8753 8708 8664 8619 8575 8531 8486 8441 
8397 8352 8307 8263 8218 8174 8130 8085 8041 7996 7952 7907 7863 
7818 7775 7731 7686 7642 7597 7553 7509 7464 7420 7375 7331 7286 
7241 7196 7152 7107 7064 7019 6975 6931 6886 6842 6797 6753 6708 
6664 6619 6575 6530 6485 6441 6396 6352 6308 6263 6219 6174 6130 
6085 6042 5997 5953 5908 5863 5819 5775 5730 5686 5642 5596 5552 
5506 5461 5416 5370 5326 5281 5236 5215 5170 5125 5083 5038 4993 
4950 4905 4860 4815 4770 4725 4679 4634 4590 4547 4502 4456 4412 
4367 4322 4276 4231 4186 4141 4096 4050 4005 3960 3915 3869 3826 
3781 3736 3691 3646 3600 3555 3510 3464 3419 3374 3328 3284 3238 
3196 3151 3108 3063 3018 2973 2930 2884 2841 2796 2755 2710 2665 
2621 2575 2532 2487 2444 2399 2354 2309 2263 2222 2177 2132 2086 
2041 1996 1951 1905 1860 1815 1769 1724 1679 1634 1589 1544 1498 
1453 1408 1363 1318 1272 1227 1182 1136 1094 1049 1006 963 918 
873 829 789 748 703 662 622 577 531 491 446 405 365 
325 280 235 191 146 101 55 10 0 

List of conflicts: 

Collar      Perf 
------     ------ 
16578      16579  is +1 above
16357      16359  is +2 above
16312      16311  is -1 below
16091      16091  is same
16047      16045  is -2 below
15871      15872  is +1 above
15761      15762  is +1 above
15716      15714  is -2 below
15539      15541  is +2 above
15495      15494  is -1 below
15450      15448  is -2 below
15272      15274  is +2 above
15228      15228  is same
15007      15008  is +1 above
14962      14960  is -2 below
14785      14787  is +2 above
14740      14740  is same
14519      14520  is +1 above
14474      14472  is -2 below
14252      14252  is same
14208      14206  is -2 below
14031      14032  is +1 above
13875      13875  is same
13654      13655  is +1 above
13609      13609  is same
13342      13341  is -1 below
13119      13121  is +2 above
13075      13073  is -2 below
12899      12901  is +2 above
12855      12853  is -2 below
12678      12680  is +2 above
12635      12633  is -2 below
12412      12413  is +1 above
12367      12367  is same
12145      12147  is +2 above
12100      12099  is -1 below
11877      11879  is +2 above
11833      11831  is -2 below
11657      11659  is +2 above
11612      11611  is -1 below
11567      11565  is -2 below
11390      11391  is +1 above
11346      11345  is -1 below
11124      11125  is +1 above
10858      10857  is -1 below
10636      10637  is +1 above
10369      10369  is same
10324      10323  is -1 below
10149      10150  is +1 above
10105      10103  is -2 below
9881      9883  is +2 above
9837      9835  is -2 below
9615      9615  is same
9396      9395  is -1 below
9173      9175  is +2 above
9129      9128  is -1 below
9017      9018  is +1 above
8973      8971  is -2 below
8797      8798  is +1 above
8531      8530  is -1 below
8486      8484  is -2 below
8263      8264  is +1 above
8218      8217  is -1 below
7996      7996  is same
7775      7776  is +1 above
7731      7729  is -2 below
7509      7508  is -1 below
7464      7463  is -1 below
7241      7242  is +1 above
7196      7195  is -1 below
6975      6975  is same
6797      6796  is -1 below
6708      6710  is +2 above

Deepest perf    Shallowest perf
  16689           6676

Toe Set-back    Heel set-back
  16754           6646 

Toe perf is within toe set-back line, perfs are good.
Heel perf is within heel set-back line, perfs are good.
